27,55,55,51,49,54,63,120,21,27,127,43,120,52,49,51,61,120,57,120,40,55,45,54,60,120,55,62,120,58,57,59,55,54,
26,54,54,50,48,55,62,121,20,26,126,42,121,53,48,50,60,121,56,121,41,54,44,55,61,121,54,63,121,59,56,58,54,55,
25,53,53,49,51,52,61,122,23,25,125,41,122,54,51,49,63,122,59,122,42,53,47,52,62,122,53,60,122,56,59,57,53,52,
24,52,52,48,50,53,60,123,22,24,124,40,123,55,50,48,62,123,58,123,43,52,46,53,63,123,52,61,123,57,58,56,52,53,
31,51,51,55,53,50,59,124,17,31,123,47,124,48,53,55,57,124,61,124,44,51,41,50,56,124,51,58,124,62,61,63,51,50,
30,50,50,54,52,51,58,125,16,30,122,46,125,49,52,54,56,125,60,125,45,50,40,51,57,125,50,59,125,63,60,62,50,51,
29,49,49,53,55,48,57,126,19,29,121,45,126,50,55,53,59,126,63,126,46,49,43,48,58,126,49,56,126,60,63,61,49,48,
28,48,48,52,54,49,56,127,18,28,120,44,127,51,54,52,58,127,62,127,47,48,42,49,59,127,48,57,127,61,62,60,48,49,
19,63,63,59,57,62,55,112,29,19,119,35,112,60,57,59,53,112,49,112,32,63,37,62,52,112,63,54,112,50,49,51,63,62,
18,62,62,58,56,63,54,113,28,18,118,34,113,61,56,58,52,113,48,113,33,62,36,63,53,113,62,55,113,51,48,50,62,63,
17,61,61,57,59,60,53,114,31,17,117,33,114,62,59,57,55,114,51,114,34,61,39,60,54,114,61,52,114,48,51,49,61,60,
16,60,60,56,58,61,52,115,30,16,116,32,115,63,58,56,54,115,50,115,35,60,38,61,55,115,60,53,115,49,50,48,60,61,
23,59,59,63,61,58,51,116,25,23,115,39,116,56,61,63,49,116,53,116,36,59,33,58,48,116,59,50,116,54,53,55,59,58,
22,58,58,62,60,59,50,117,24,22,114,38,117,57,60,62,48,117,52,117,37,58,32,59,49,117,58,51,117,55,52,54,58,59,
21,57,57,61,63,56,49,118,27,21,113,37,118,58,63,61,51,118,55,118,38,57,35,56,50,118,57,48,118,52,55,53,57,56,
20,56,56,60,62,57,48,119,26,20,112,36,119,59,62,60,50,119,54,119,39,56,34,57,51,119,56,49,119,53,54,52,56,57,
11,39,39,35,33,38,47,104,5,11,111,59,104,36,33,35,45,104,41,104,56,39,61,38,44,104,39,46,104,42,41,43,39,38,
10,38,38,34,32,39,46,105,4,10,110,58,105,37,32,34,44,105,40,105,57,38,60,39,45,105,38,47,105,43,40,42,38,39,
9,37,37,33,35,36,45,106,7,9,109,57,106,38,35,33,47,106,43,106,58,37,63,36,46,106,37,44,106,40,43,41,37,36,
8,36,36,32,34,37,44,107,6,8,108,56,107,39,34,32,46,107,42,107,59,36,62,37,47,107,36,45,107,41,42,40,36,37,
15,35,35,39,37,34,43,108,1,15,107,63,108,32,37,39,41,108,45,108,60,35,57,34,40,108,35,42,108,46,45,47,35,34,
14,34,34,38,36,35,42,109,0,14,106,62,109,33,36,38,40,109,44,109,61,34,56,35,41,109,34,43,109,47,44,46,34,35,
13,33,33,37,39,32,41,110,3,13,105,61,110,34,39,37,43,110,47,110,62,33,59,32,42,110,33,40,110,44,47,45,33,32,
12,32,32,36,38,33,40,111,2,12,104,60,111,35,38,36,42,111,46,111,63,32,58,33,43,111,32,41,111,45,46,44,32,33,
3,47,47,43,41,46,39,96,13,3,103,51,96,44,41,43,37,96,33,96,48,47,53,46,36,96,47,38,96,34,33,35,47,46,
2,46,46,42,40,47,38,97,12,2,102,50,97,45,40,42,36,97,32,97,49,46,52,47,37,97,46,39,97,35,32,34,46,47,
1,45,45,41,43,44,37,98,15,1,101,49,98,46,43,41,39,98,35,98,50,45,55,44,38,98,45,36,98,32,35,33,45,44,
0,44,44,40,42,45,36,99,14,0,100,48,99,47,42,40,38,99,34,99,51,44,54,45,39,99,44,37,99,33,34,32,44,45,
7,43,43,47,45,42,35,100,9,7,99,55,100,40,45,47,33,100,37,100,52,43,49,42,32,100,43,34,100,38,37,39,43,42,
6,42,42,46,44,43,34,101,8,6,98,54,101,41,44,46,32,101,36,101,53,42,48,43,33,101,42,35,101,39,36,38,42,43,
5,41,41,45,47,40,33,102,11,5,97,53,102,42,47,45,35,102,39,102,54,41,51,40,34,102,41,32,102,36,39,37,41,40,
4,40,40,44,46,41,32,103,10,4,96,52,103,43,46,44,34,103,38,103,55,40,50,41,35,103,40,33,103,37,38,36,40,41,
59,23,23,19,17,22,31,88,53,59,95,11,88,20,17,19,29,88,25,88,8,23,13,22,28,88,23,30,88,26,25,27,23,22,
58,22,22,18,16,23,30,89,52,58,94,10,89,21,16,18,28,89,24,89,9,22,12,23,29,89,22,31,89,27,24,26,22,23,
57,21,21,17,19,20,29,90,55,57,93,9,90,22,19,17,31,90,27,90,10,21,15,20,30,90,21,28,90,24,27,25,21,20,
56,20,20,16,18,21,28,91,54,56,92,8,91,23,18,16,30,91,26,91,11,20,14,21,31,91,20,29,91,25,26,24,20,21,
63,19,19,23,21,18,27,92,49,63,91,15,92,16,21,23,25,92,29,92,12,19,9,18,24,92,19,26,92,30,29,31,19,18,
62,18,18,22,20,19,26,93,48,62,90,14,93,17,20,22,24,93,28,93,13,18,8,19,25,93,18,27,93,31,28,30,18,19,
61,17,17,21,23,16,25,94,51,61,89,13,94,18,23,21,27,94,31,94,14,17,11,16,26,94,17,24,94,28,31,29,17,16,
60,16,16,20,22,17,24,95,50,60,88,12,95,19,22,20,26,95,30,95,15,16,10,17,27,95,16,25,95,29,30,28,16,17,
51,31,31,27,25,30,23,80,61,51,87,3,80,28,25,27,21,80,17,80,0,31,5,30,20,80,31,22,80,18,17,19,31,30,
50,30,30,26,24,31,22,81,60,50,86,2,81,29,24,26,20,81,16,81,1,30,4,31,21,81,30,23,81,19,16,18,30,31,
49,29,29,25,27,28,21,82,63,49,85,1,82,30,27,25,23,82,19,82,2,29,7,28,22,82,29,20,82,16,19,17,29,28,
48,28,28,24,26,29,20,83,62,48,84,0,83,31,26,24,22,83,18,83,3,28,6,29,23,83,28,21,83,17,18,16,28,29,
55,27,27,31,29,26,19,84,57,55,83,7,84,24,29,31,17,84,21,84,4,27,1,26,16,84,27,18,84,22,21,23,27,26,
54,26,26,30,28,27,18,85,56,54,82,6,85,25,28,30,16,85,20,85,5,26,0,27,17,85,26,19,85,23,20,22,26,27,
53,25,25,29,31,24,17,86,59,53,81,5,86,26,31,29,19,86,23,86,6,25,3,24,18,86,25,16,86,20,23,21,25,24,
52,24,24,28,30,25,16,87,58,52,80,4,87,27,30,28,18,87,22,87,7,24,2,25,19,87,24,17,87,21,22,20,24,25,
43,7,7,3,1,6,15,72,37,43,79,27,72,4,1,3,13,72,9,72,24,7,29,6,12,72,7,14,72,10,9,11,7,6,
42,6,6,2,0,7,14,73,36,42,78,26,73,5,0,2,12,73,8,73,25,6,28,7,13,73,6,15,73,11,8,10,6,7,
41,5,5,1,3,4,13,74,39,41,77,25,74,6,3,1,15,74,11,74,26,5,31,4,14,74,5,12,74,8,11,9,5,4,
40,4,4,0,2,5,12,75,38,40,76,24,75,7,2,0,14,75,10,75,27,4,30,5,15,75,4,13,75,9,10,8,4,5,
47,3,3,7,5,2,11,76,33,47,75,31,76,0,5,7,9,76,13,76,28,3,25,2,8,76,3,10,76,14,13,15,3,2,
46,2,2,6,4,3,10,77,32,46,74,30,77,1,4,6,8,77,12,77,29,2,24,3,9,77,2,11,77,15,12,14,2,3,
45,1,1,5,7,0,9,78,35,45,73,29,78,2,7,5,11,78,15,78,30,1,27,0,10,78,1,8,78,12,15,13,1,0,
44,0,0,4,6,1,8,79,34,44,72,28,79,3,6,4,10,79,14,79,31,0,26,1,11,79,0,9,79,13,14,12,0,1,
35,15,15,11,9,14,7,64,45,35,71,19,64,12,9,11,5,64,1,64,16,15,21,14,4,64,15,6,64,2,1,3,15,14,
34,14,14,10,8,15,6,65,44,34,70,18,65,13,8,10,4,65,0,65,17,14,20,15,5,65,14,7,65,3,0,2,14,15,
33,13,13,9,11,12,5,66,47,33,69,17,66,14,11,9,7,66,3,66,18,13,23,12,6,66,13,4,66,0,3,1,13,12,
32,12,12,8,10,13,4,67,46,32,68,16,67,15,10,8,6,67,2,67,19,12,22,13,7,67,12,5,67,1,2,0,12,13,
39,11,11,15,13,10,3,68,41,39,67,23,68,8,13,15,1,68,5,68,20,11,17,10,0,68,11,2,68,6,5,7,11,10,
38,10,10,14,12,11,2,69,40,38,66,22,69,9,12,14,0,69,4,69,21,10,16,11,1,69,10,3,69,7,4,6,10,11,
37,9,9,13,15,8,1,70,43,37,65,21,70,10,15,13,3,70,7,70,22,9,19,8,2,70,9,0,70,4,7,5,9,8,
36,8,8,12,14,9,0,71,42,36,64,20,71,11,14,12,2,71,6,71,23,8,18,9,3,71,8,1,71,5,6,4,8,9,
91,119,119,115,113,118,127,56,85,91,63,107,56,116,113,115,125,56,121,56,104,119,109,118,124,56,119,126,56,122,121,123,119,118,
90,118,118,114,112,119,126,57,84,90,62,106,57,117,112,114,124,57,120,57,105,118,108,119,125,57,118,127,57,123,120,122,118,119,
89,117,117,113,115,116,125,58,87,89,61,105,58,118,115,113,127,58,123,58,106,117,111,116,126,58,117,124,58,120,123,121,117,116,
88,116,116,112,114,117,124,59,86,88,60,104,59,119,114,112,126,59,122,59,107,116,110,117,127,59,116,125,59,121,122,120,116,117,
95,115,115,119,117,114,123,60,81,95,59,111,60,112,117,119,121,60,125,60,108,115,105,114,120,60,115,122,60,126,125,127,115,114,
94,114,114,118,116,115,122,61,80,94,58,110,61,113,116,118,120,61,124,61,109,114,104,115,121,61,114,123,61,127,124,126,114,115,
93,113,113,117,119,112,121,62,83,93,57,109,62,114,119,117,123,62,127,62,110,113,107,112,122,62,113,120,62,124,127,125,113,112,
92,112,112,116,118,113,120,63,82,92,56,108,63,115,118,116,122,63,126,63,111,112,106,113,123,63,112,121,63,125,126,124,112,113,
83,127,127,123,121,126,119,48,93,83,55,99,48,124,121,123,117,48,113,48,96,127,101,126,116,48,127,118,48,114,113,115,127,126,
82,126,126,122,120,127,118,49,92,82,54,98,49,125,120,122,116,49,112,49,97,126,100,127,117,49,126,119,49,115,112,114,126,127,
81,125,125,121,123,124,117,50,95,81,53,97,50,126,123,121,119,50,115,50,98,125,103,124,118,50,125,116,50,112,115,113,125,124,
80,124,124,120,122,125,116,51,94,80,52,96,51,127,122,120,118,51,114,51,99,124,102,125,119,51,124,117,51,113,114,112,124,125,
87,123,123,127,125,122,115,52,89,87,51,103,52,120,125,127,113,52,117,52,100,123,97,122,112,52,123,114,52,118,117,119,123,122,
86,122,122,126,124,123,114,53,88,86,50,102,53,121,124,126,112,53,116,53,101,122,96,123,113,53,122,115,53,119,116,118,122,123,
85,121,121,125,127,120,113,54,91,85,49,101,54,122,127,125,115,54,119,54,102,121,99,120,114,54,121,112,54,116,119,117,121,120,
84,120,120,124,126,121,112,55,90,84,48,100,55,123,126,124,114,55,118,55,103,120,98,121,115,55,120,113,55,117,118,116,120,121,
75,103,103,99,97,102,111,40,69,75,47,123,40,100,97,99,109,40,105,40,120,103,125,102,108,40,103,110,40,106,105,107,103,102,
74,102,102,98,96,103,110,41,68,74,46,122,41,101,96,98,108,41,104,41,121,102,124,103,109,41,102,111,41,107,104,106,102,103,
73,101,101,97,99,100,109,42,71,73,45,121,42,102,99,97,111,42,107,42,122,101,127,100,110,42,101,108,42,104,107,105,101,100,
72,100,100,96,98,101,108,43,70,72,44,120,43,103,98,96,110,43,106,43,123,100,126,101,111,43,100,109,43,105,106,104,100,101,
79,99,99,103,101,98,107,44,65,79,43,127,44,96,101,103,105,44,109,44,124,99,121,98,104,44,99,106,44,110,109,111,99,98,
78,98,98,102,100,99,106,45,64,78,42,126,45,97,100,102,104,45,108,45,125,98,120,99,105,45,98,107,45,111,108,110,98,99,
77,97,97,101,103,96,105,46,67,77,41,125,46,98,103,101,107,46,111,46,126,97,123,96,106,46,97,104,46,108,111,109,97,96,
76,96,96,100,102,97,104,47,66,76,40,124,47,99,102,100,106,47,110,47,127,96,122,97,107,47,96,105,47,109,110,108,96,97,
67,111,111,107,105,110,103,32,77,67,39,115,32,108,105,107,101,32,97,32,112,111,117,110,100,32,111,102,32,98,97,99,111,110,
66,110,110,106,104,111,102,33,76,66,38,114,33,109,104,106,100,33,96,33,113,110,116,111,101,33,110,103,33,99,96,98,110,111,
65,109,109,105,107,108,101,34,79,65,37,113,34,110,107,105,103,34,99,34,114,109,119,108,102,34,109,100,34,96,99,97,109,108,
64,108,108,104,106,109,100,35,78,64,36,112,35,111,106,104,102,35,98,35,115,108,118,109,103,35,108,101,35,97,98,96,108,109,
71,107,107,111,109,106,99,36,73,71,35,119,36,104,109,111,97,36,101,36,116,107,113,106,96,36,107,98,36,102,101,103,107,106,
70,106,106,110,108,107,98,37,72,70,34,118,37,105,108,110,96,37,100,37,117,106,112,107,97,37,106,99,37,103,100,102,106,107,
69,105,105,109,111,104,97,38,75,69,33,117,38,106,111,109,99,38,103,38,118,105,115,104,98,38,105,96,38,100,103,101,105,104,
68,104,104,108,110,105,96,39,74,68,32,116,39,107,110,108,98,39,102,39,119,104,114,105,99,39,104,97,39,101,102,100,104,105,
123,87,87,83,81,86,95,24,117,123,31,75,24,84,81,83,93,24,89,24,72,87,77,86,92,24,87,94,24,90,89,91,87,86,
122,86,86,82,80,87,94,25,116,122,30,74,25,85,80,82,92,25,88,25,73,86,76,87,93,25,86,95,25,91,88,90,86,87,
121,85,85,81,83,84,93,26,119,121,29,73,26,86,83,81,95,26,91,26,74,85,79,84,94,26,85,92,26,88,91,89,85,84,
120,84,84,80,82,85,92,27,118,120,28,72,27,87,82,80,94,27,90,27,75,84,78,85,95,27,84,93,27,89,90,88,84,85,
127,83,83,87,85,82,91,28,113,127,27,79,28,80,85,87,89,28,93,28,76,83,73,82,88,28,83,90,28,94,93,95,83,82,
126,82,82,86,84,83,90,29,112,126,26,78,29,81,84,86,88,29,92,29,77,82,72,83,89,29,82,91,29,95,92,94,82,83,
125,81,81,85,87,80,89,30,115,125,25,77,30,82,87,85,91,30,95,30,78,81,75,80,90,30,81,88,30,92,95,93,81,80,
124,80,80,84,86,81,88,31,114,124,24,76,31,83,86,84,90,31,94,31,79,80,74,81,91,31,80,89,31,93,94,92,80,81,
115,95,95,91,89,94,87,16,125,115,23,67,16,92,89,91,85,16,81,16,64,95,69,94,84,16,95,86,16,82,81,83,95,94,
114,94,94,90,88,95,86,17,124,114,22,66,17,93,88,90,84,17,80,17,65,94,68,95,85,17,94,87,17,83,80,82,94,95,
113,93,93,89,91,92,85,18,127,113,21,65,18,94,91,89,87,18,83,18,66,93,71,92,86,18,93,84,18,80,83,81,93,92,
112,92,92,88,90,93,84,19,126,112,20,64,19,95,90,88,86,19,82,19,67,92,70,93,87,19,92,85,19,81,82,80,92,93,
119,91,91,95,93,90,83,20,121,119,19,71,20,88,93,95,81,20,85,20,68,91,65,90,80,20,91,82,20,86,85,87,91,90,
118,90,90,94,92,91,82,21,120,118,18,70,21,89,92,94,80,21,84,21,69,90,64,91,81,21,90,83,21,87,84,86,90,91,
117,89,89,93,95,88,81,22,123,117,17,69,22,90,95,93,83,22,87,22,70,89,67,88,82,22,89,80,22,84,87,85,89,88,
116,88,88,92,94,89,80,23,122,116,16,68,23,91,94,92,82,23,86,23,71,88,66,89,83,23,88,81,23,85,86,84,88,89,
107,71,71,67,65,70,79,8,101,107,15,91,8,68,65,67,77,8,73,8,88,71,93,70,76,8,71,78,8,74,73,75,71,70,
106,70,70,66,64,71,78,9,100,106,14,90,9,69,64,66,76,9,72,9,89,70,92,71,77,9,70,79,9,75,72,74,70,71,
105,69,69,65,67,68,77,10,103,105,13,89,10,70,67,65,79,10,75,10,90,69,95,68,78,10,69,76,10,72,75,73,69,68,
104,68,68,64,66,69,76,11,102,104,12,88,11,71,66,64,78,11,74,11,91,68,94,69,79,11,68,77,11,73,74,72,68,69,
111,67,67,71,69,66,75,12,97,111,11,95,12,64,69,71,73,12,77,12,92,67,89,66,72,12,67,74,12,78,77,79,67,66,
110,66,66,70,68,67,74,13,96,110,10,94,13,65,68,70,72,13,76,13,93,66,88,67,73,13,66,75,13,79,76,78,66,67,
109,65,65,69,71,64,73,14,99,109,9,93,14,66,71,69,75,14,79,14,94,65,91,64,74,14,65,72,14,76,79,77,65,64,
108,64,64,68,70,65,72,15,98,108,8,92,15,67,70,68,74,15,78,15,95,64,90,65,75,15,64,73,15,77,78,76,64,65,
99,79,79,75,73,78,71,0,109,99,7,83,0,76,73,75,69,0,65,0,80,79,85,78,68,0,79,70,0,66,65,67,79,78,
98,78,78,74,72,79,70,1,108,98,6,82,1,77,72,74,68,1,64,1,81,78,84,79,69,1,78,71,1,67,64,66,78,79,
97,77,77,73,75,76,69,2,111,97,5,81,2,78,75,73,71,2,67,2,82,77,87,76,70,2,77,68,2,64,67,65,77,76,
96,76,76,72,74,77,68,3,110,96,4,80,3,79,74,72,70,3,66,3,83,76,86,77,71,3,76,69,3,65,66,64,76,77,
103,75,75,79,77,74,67,4,105,103,3,87,4,72,77,79,65,4,69,4,84,75,81,74,64,4,75,66,4,70,69,71,75,74,
102,74,74,78,76,75,66,5,104,102,2,86,5,73,76,78,64,5,68,5,85,74,80,75,65,5,74,67,5,71,68,70,74,75,
101,73,73,77,79,72,65,6,107,101,1,85,6,74,79,77,67,6,71,6,86,73,83,72,66,6,73,64,6,68,71,69,73,72,
100,72,72,76,78,73,64,7,106,100,0,84,7,75,78,76,66,7,70,7,87,72,82,73,67,7,72,65,7,69,70,68,72,73,
155,183,183,179,177,182,191,248,149,155,255,171,248,180,177,179,189,248,185,248,168,183,173,182,188,248,183,190,248,186,185,187,183,182,
154,182,182,178,176,183,190,249,148,154,254,170,249,181,176,178,188,249,184,249,169,182,172,183,189,249,182,191,249,187,184,186,182,183,
153,181,181,177,179,180,189,250,151,153,253,169,250,182,179,177,191,250,187,250,170,181,175,180,190,250,181,188,250,184,187,185,181,180,
152,180,180,176,178,181,188,251,150,152,252,168,251,183,178,176,190,251,186,251,171,180,174,181,191,251,180,189,251,185,186,184,180,181,
159,179,179,183,181,178,187,252,145,159,251,175,252,176,181,183,185,252,189,252,172,179,169,178,184,252,179,186,252,190,189,191,179,178,
158,178,178,182,180,179,186,253,144,158,250,174,253,177,180,182,184,253,188,253,173,178,168,179,185,253,178,187,253,191,188,190,178,179,
157,177,177,181,183,176,185,254,147,157,249,173,254,178,183,181,187,254,191,254,174,177,171,176,186,254,177,184,254,188,191,189,177,176,
156,176,176,180,182,177,184,255,146,156,248,172,255,179,182,180,186,255,190,255,175,176,170,177,187,255,176,185,255,189,190,188,176,177,
147,191,191,187,185,190,183,240,157,147,247,163,240,188,185,187,181,240,177,240,160,191,165,190,180,240,191,182,240,178,177,179,191,190,
146,190,190,186,184,191,182,241,156,146,246,162,241,189,184,186,180,241,176,241,161,190,164,191,181,241,190,183,241,179,176,178,190,191,
145,189,189,185,187,188,181,242,159,145,245,161,242,190,187,185,183,242,179,242,162,189,167,188,182,242,189,180,242,176,179,177,189,188,
144,188,188,184,186,189,180,243,158,144,244,160,243,191,186,184,182,243,178,243,163,188,166,189,183,243,188,181,243,177,178,176,188,189,
151,187,187,191,189,186,179,244,153,151,243,167,244,184,189,191,177,244,181,244,164,187,161,186,176,244,187,178,244,182,181,183,187,186,
150,186,186,190,188,187,178,245,152,150,242,166,245,185,188,190,176,245,180,245,165,186,160,187,177,245,186,179,245,183,180,182,186,187,
149,185,185,189,191,184,177,246,155,149,241,165,246,186,191,189,179,246,183,246,166,185,163,184,178,246,185,176,246,180,183,181,185,184,
148,184,184,188,190,185,176,247,154,148,240,164,247,187,190,188,178,247,182,247,167,184,162,185,179,247,184,177,247,181,182,180,184,185,
139,167,167,163,161,166,175,232,133,139,239,187,232,164,161,163,173,232,169,232,184,167,189,166,172,232,167,174,232,170,169,171,167,166,
138,166,166,162,160,167,174,233,132,138,238,186,233,165,160,162,172,233,168,233,185,166,188,167,173,233,166,175,233,171,168,170,166,167,
137,165,165,161,163,164,173,234,135,137,237,185,234,166,163,161,175,234,171,234,186,165,191,164,174,234,165,172,234,168,171,169,165,164,
136,164,164,160,162,165,172,235,134,136,236,184,235,167,162,160,174,235,170,235,187,164,190,165,175,235,164,173,235,169,170,168,164,165,
143,163,163,167,165,162,171,236,129,143,235,191,236,160,165,167,169,236,173,236,188,163,185,162,168,236,163,170,236,174,173,175,163,162,
142,162,162,166,164,163,170,237,128,142,234,190,237,161,164,166,168,237,172,237,189,162,184,163,169,237,162,171,237,175,172,174,162,163,
141,161,161,165,167,160,169,238,131,141,233,189,238,162,167,165,171,238,175,238,190,161,187,160,170,238,161,168,238,172,175,173,161,160,
140,160,160,164,166,161,168,239,130,140,232,188,239,163,166,164,170,239,174,239,191,160,186,161,171,239,160,169,239,173,174,172,160,161,
131,175,175,171,169,174,167,224,141,131,231,179,224,172,169,171,165,224,161,224,176,175,181,174,164,224,175,166,224,162,161,163,175,174,
130,174,174,170,168,175,166,225,140,130,230,178,225,173,168,170,164,225,160,225,177,174,180,175,165,225,174,167,225,163,160,162,174,175,
129,173,173,169,171,172,165,226,143,129,229,177,226,174,171,169,167,226,163,226,178,173,183,172,166,226,173,164,226,160,163,161,173,172,
128,172,172,168,170,173,164,227,142,128,228,176,227,175,170,168,166,227,162,227,179,172,182,173,167,227,172,165,227,161,162,160,172,173,
135,171,171,175,173,170,163,228,137,135,227,183,228,168,173,175,161,228,165,228,180,171,177,170,160,228,171,162,228,166,165,167,171,170,
134,170,170,174,172,171,162,229,136,134,226,182,229,169,172,174,160,229,164,229,181,170,176,171,161,229,170,163,229,167,164,166,170,171,
133,169,169,173,175,168,161,230,139,133,225,181,230,170,175,173,163,230,167,230,182,169,179,168,162,230,169,160,230,164,167,165,169,168,
132,168,168,172,174,169,160,231,138,132,224,180,231,171,174,172,162,231,166,231,183,168,178,169,163,231,168,161,231,165,166,164,168,169,
187,151,151,147,145,150,159,216,181,187,223,139,216,148,145,147,157,216,153,216,136,151,141,150,156,216,151,158,216,154,153,155,151,150,
186,150,150,146,144,151,158,217,180,186,222,138,217,149,144,146,156,217,152,217,137,150,140,151,157,217,150,159,217,155,152,154,150,151,
185,149,149,145,147,148,157,218,183,185,221,137,218,150,147,145,159,218,155,218,138,149,143,148,158,218,149,156,218,152,155,153,149,148,
184,148,148,144,146,149,156,219,182,184,220,136,219,151,146,144,158,219,154,219,139,148,142,149,159,219,148,157,219,153,154,152,148,149,
191,147,147,151,149,146,155,220,177,191,219,143,220,144,149,151,153,220,157,220,140,147,137,146,152,220,147,154,220,158,157,159,147,146,
190,146,146,150,148,147,154,221,176,190,218,142,221,145,148,150,152,221,156,221,141,146,136,147,153,221,146,155,221,159,156,158,146,147,
189,145,145,149,151,144,153,222,179,189,217,141,222,146,151,149,155,222,159,222,142,145,139,144,154,222,145,152,222,156,159,157,145,144,
188,144,144,148,150,145,152,223,178,188,216,140,223,147,150,148,154,223,158,223,143,144,138,145,155,223,144,153,223,157,158,156,144,145,
179,159,159,155,153,158,151,208,189,179,215,131,208,156,153,155,149,208,145,208,128,159,133,158,148,208,159,150,208,146,145,147,159,158,
178,158,158,154,152,159,150,209,188,178,214,130,209,157,152,154,148,209,144,209,129,158,132,159,149,209,158,151,209,147,144,146,158,159,
177,157,157,153,155,156,149,210,191,177,213,129,210,158,155,153,151,210,147,210,130,157,135,156,150,210,157,148,210,144,147,145,157,156,
176,156,156,152,154,157,148,211,190,176,212,128,211,159,154,152,150,211,146,211,131,156,134,157,151,211,156,149,211,145,146,144,156,157,
183,155,155,159,157,154,147,212,185,183,211,135,212,152,157,159,145,212,149,212,132,155,129,154,144,212,155,146,212,150,149,151,155,154,
182,154,154,158,156,155,146,213,184,182,210,134,213,153,156,158,144,213,148,213,133,154,128,155,145,213,154,147,213,151,148,150,154,155,
181,153,153,157,159,152,145,214,187,181,209,133,214,154,159,157,147,214,151,214,134,153,131,152,146,214,153,144,214,148,151,149,153,152,
180,152,152,156,158,153,144,215,186,180,208,132,215,155,158,156,146,215,150,215,135,152,130,153,147,215,152,145,215,149,150,148,152,153,
171,135,135,131,129,134,143,200,165,171,207,155,200,132,129,131,141,200,137,200,152,135,157,134,140,200,135,142,200,138,137,139,135,134,
170,134,134,130,128,135,142,201,164,170,206,154,201,133,128,130,140,201,136,201,153,134,156,135,141,201,134,143,201,139,136,138,134,135,
169,133,133,129,131,132,141,202,167,169,205,153,202,134,131,129,143,202,139,202,154,133,159,132,142,202,133,140,202,136,139,137,133,132,
168,132,132,128,130,133,140,203,166,168,204,152,203,135,130,128,142,203,138,203,155,132,158,133,143,203,132,141,203,137,138,136,132,133,
175,131,131,135,133,130,139,204,161,175,203,159,204,128,133,135,137,204,141,204,156,131,153,130,136,204,131,138,204,142,141,143,131,130,
174,130,130,134,132,131,138,205,160,174,202,158,205,129,132,134,136,205,140,205,157,130,152,131,137,205,130,139,205,143,140,142,130,131,
173,129,129,133,135,128,137,206,163,173,201,157,206,130,135,133,139,206,143,206,158,129,155,128,138,206,129,136,206,140,143,141,129,128,
172,128,128,132,134,129,136,207,162,172,200,156,207,131,134,132,138,207,142,207,159,128,154,129,139,207,128,137,207,141,142,140,128,129,
163,143,143,139,137,142,135,192,173,163,199,147,192,140,137,139,133,192,129,192,144,143,149,142,132,192,143,134,192,130,129,131,143,142,
162,142,142,138,136,143,134,193,172,162,198,146,193,141,136,138,132,193,128,193,145,142,148,143,133,193,142,135,193,131,128,130,142,143,
161,141,141,137,139,140,133,194,175,161,197,145,194,142,139,137,135,194,131,194,146,141,151,140,134,194,141,132,194,128,131,129,141,140,
160,140,140,136,138,141,132,195,174,160,196,144,195,143,138,136,134,195,130,195,147,140,150,141,135,195,140,133,195,129,130,128,140,141,
167,139,139,143,141,138,131,196,169,167,195,151,196,136,141,143,129,196,133,196,148,139,145,138,128,196,139,130,196,134,133,135,139,138,
166,138,138,142,140,139,130,197,168,166,194,150,197,137,140,142,128,197,132,197,149,138,144,139,129,197,138,131,197,135,132,134,138,139,
165,137,137,141,143,136,129,198,171,165,193,149,198,138,143,141,131,198,135,198,150,137,147,136,130,198,137,128,198,132,135,133,137,136,
164,136,136,140,142,137,128,199,170,164,192,148,199,139,142,140,130,199,134,199,151,136,146,137,131,199,136,129,199,133,134,132,136,137,
219,247,247,243,241,246,255,184,213,219,191,235,184,244,241,243,253,184,249,184,232,247,237,246,252,184,247,254,184,250,249,251,247,246,
218,246,246,242,240,247,254,185,212,218,190,234,185,245,240,242,252,185,248,185,233,246,236,247,253,185,246,255,185,251,248,250,246,247,
217,245,245,241,243,244,253,186,215,217,189,233,186,246,243,241,255,186,251,186,234,245,239,244,254,186,245,252,186,248,251,249,245,244,
216,244,244,240,242,245,252,187,214,216,188,232,187,247,242,240,254,187,250,187,235,244,238,245,255,187,244,253,187,249,250,248,244,245,
223,243,243,247,245,242,251,188,209,223,187,239,188,240,245,247,249,188,253,188,236,243,233,242,248,188,243,250,188,254,253,255,243,242,
222,242,242,246,244,243,250,189,208,222,186,238,189,241,244,246,248,189,252,189,237,242,232,243,249,189,242,251,189,255,252,254,242,243,
221,241,241,245,247,240,249,190,211,221,185,237,190,242,247,245,251,190,255,190,238,241,235,240,250,190,241,248,190,252,255,253,241,240,
220,240,240,244,246,241,248,191,210,220,184,236,191,243,246,244,250,191,254,191,239,240,234,241,251,191,240,249,191,253,254,252,240,241,
211,255,255,251,249,254,247,176,221,211,183,227,176,252,249,251,245,176,241,176,224,255,229,254,244,176,255,246,176,242,241,243,255,254,
210,254,254,250,248,255,246,177,220,210,182,226,177,253,248,250,244,177,240,177,225,254,228,255,245,177,254,247,177,243,240,242,254,255,
209,253,253,249,251,252,245,178,223,209,181,225,178,254,251,249,247,178,243,178,226,253,231,252,246,178,253,244,178,240,243,241,253,252,
208,252,252,248,250,253,244,179,222,208,180,224,179,255,250,248,246,179,242,179,227,252,230,253,247,179,252,245,179,241,242,240,252,253,
215,251,251,255,253,250,243,180,217,215,179,231,180,248,253,255,241,180,245,180,228,251,225,250,240,180,251,242,180,246,245,247,251,250,
214,250,250,254,252,251,242,181,216,214,178,230,181,249,252,254,240,181,244,181,229,250,224,251,241,181,250,243,181,247,244,246,250,251,
213,249,249,253,255,248,241,182,219,213,177,229,182,250,255,253,243,182,247,182,230,249,227,248,242,182,249,240,182,244,247,245,249,248,
212,248,248,252,254,249,240,183,218,212,176,228,183,251,254,252,242,183,246,183,231,248,226,249,243,183,248,241,183,245,246,244,248,249,
203,231,231,227,225,230,239,168,197,203,175,251,168,228,225,227,237,168,233,168,248,231,253,230,236,168,231,238,168,234,233,235,231,230,
202,230,230,226,224,231,238,169,196,202,174,250,169,229,224,226,236,169,232,169,249,230,252,231,237,169,230,239,169,235,232,234,230,231,
201,229,229,225,227,228,237,170,199,201,173,249,170,230,227,225,239,170,235,170,250,229,255,228,238,170,229,236,170,232,235,233,229,228,
200,228,228,224,226,229,236,171,198,200,172,248,171,231,226,224,238,171,234,171,251,228,254,229,239,171,228,237,171,233,234,232,228,229,
207,227,227,231,229,226,235,172,193,207,171,255,172,224,229,231,233,172,237,172,252,227,249,226,232,172,227,234,172,238,237,239,227,226,
206,226,226,230,228,227,234,173,192,206,170,254,173,225,228,230,232,173,236,173,253,226,248,227,233,173,226,235,173,239,236,238,226,227,
205,225,225,229,231,224,233,174,195,205,169,253,174,226,231,229,235,174,239,174,254,225,251,224,234,174,225,232,174,236,239,237,225,224,
204,224,224,228,230,225,232,175,194,204,168,252,175,227,230,228,234,175,238,175,255,224,250,225,235,175,224,233,175,237,238,236,224,225,
195,239,239,235,233,238,231,160,205,195,167,243,160,236,233,235,229,160,225,160,240,239,245,238,228,160,239,230,160,226,225,227,239,238,
194,238,238,234,232,239,230,161,204,194,166,242,161,237,232,234,228,161,224,161,241,238,244,239,229,161,238,231,161,227,224,226,238,239,
193,237,237,233,235,236,229,162,207,193,165,241,162,238,235,233,231,162,227,162,242,237,247,236,230,162,237,228,162,224,227,225,237,236,
192,236,236,232,234,237,228,163,206,192,164,240,163,239,234,232,230,163,226,163,243,236,246,237,231,163,236,229,163,225,226,224,236,237,
199,235,235,239,237,234,227,164,201,199,163,247,164,232,237,239,225,164,229,164,244,235,241,234,224,164,235,226,164,230,229,231,235,234,
198,234,234,238,236,235,226,165,200,198,162,246,165,233,236,238,224,165,228,165,245,234,240,235,225,165,234,227,165,231,228,230,234,235,
197,233,233,237,239,232,225,166,203,197,161,245,166,234,239,237,227,166,231,166,246,233,243,232,226,166,233,224,166,228,231,229,233,232,
196,232,232,236,238,233,224,167,202,196,160,244,167,235,238,236,226,167,230,167,247,232,242,233,227,167,232,225,167,229,230,228,232,233,
251,215,215,211,209,214,223,152,245,251,159,203,152,212,209,211,221,152,217,152,200,215,205,214,220,152,215,222,152,218,217,219,215,214,
250,214,214,210,208,215,222,153,244,250,158,202,153,213,208,210,220,153,216,153,201,214,204,215,221,153,214,223,153,219,216,218,214,215,
249,213,213,209,211,212,221,154,247,249,157,201,154,214,211,209,223,154,219,154,202,213,207,212,222,154,213,220,154,216,219,217,213,212,
248,212,212,208,210,213,220,155,246,248,156,200,155,215,210,208,222,155,218,155,203,212,206,213,223,155,212,221,155,217,218,216,212,213,
255,211,211,215,213,210,219,156,241,255,155,207,156,208,213,215,217,156,221,156,204,211,201,210,216,156,211,218,156,222,221,223,211,210,
254,210,210,214,212,211,218,157,240,254,154,206,157,209,212,214,216,157,220,157,205,210,200,211,217,157,210,219,157,223,220,222,210,211,
253,209,209,213,215,208,217,158,243,253,153,205,158,210,215,213,219,158,223,158,206,209,203,208,218,158,209,216,158,220,223,221,209,208,
252,208,208,212,214,209,216,159,242,252,152,204,159,211,214,212,218,159,222,159,207,208,202,209,219,159,208,217,159,221,222,220,208,209,
243,223,223,219,217,222,215,144,253,243,151,195,144,220,217,219,213,144,209,144,192,223,197,222,212,144,223,214,144,210,209,211,223,222,
242,222,222,218,216,223,214,145,252,242,150,194,145,221,216,218,212,145,208,145,193,222,196,223,213,145,222,215,145,211,208,210,222,223,
241,221,221,217,219,220,213,146,255,241,149,193,146,222,219,217,215,146,211,146,194,221,199,220,214,146,221,212,146,208,211,209,221,220,
240,220,220,216,218,221,212,147,254,240,148,192,147,223,218,216,214,147,210,147,195,220,198,221,215,147,220,213,147,209,210,208,220,221,
247,219,219,223,221,218,211,148,249,247,147,199,148,216,221,223,209,148,213,148,196,219,193,218,208,148,219,210,148,214,213,215,219,218,
246,218,218,222,220,219,210,149,248,246,146,198,149,217,220,222,208,149,212,149,197,218,192,219,209,149,218,211,149,215,212,214,218,219,
245,217,217,221,223,216,209,150,251,245,145,197,150,218,223,221,211,150,215,150,198,217,195,216,210,150,217,208,150,212,215,213,217,216,
244,216,216,220,222,217,208,151,250,244,144,196,151,219,222,220,210,151,214,151,199,216,194,217,211,151,216,209,151,213,214,212,216,217,
235,199,199,195,193,198,207,136,229,235,143,219,136,196,193,195,205,136,201,136,216,199,221,198,204,136,199,206,136,202,201,203,199,198,
234,198,198,194,192,199,206,137,228,234,142,218,137,197,192,194,204,137,200,137,217,198,220,199,205,137,198,207,137,203,200,202,198,199,
233,197,197,193,195,196,205,138,231,233,141,217,138,198,195,193,207,138,203,138,218,197,223,196,206,138,197,204,138,200,203,201,197,196,
232,196,196,192,194,197,204,139,230,232,140,216,139,199,194,192,206,139,202,139,219,196,222,197,207,139,196,205,139,201,202,200,196,197,
239,195,195,199,197,194,203,140,225,239,139,223,140,192,197,199,201,140,205,140,220,195,217,194,200,140,195,202,140,206,205,207,195,194,
238,194,194,198,196,195,202,141,224,238,138,222,141,193,196,198,200,141,204,141,221,194,216,195,201,141,194,203,141,207,204,206,194,195,
237,193,193,197,199,192,201,142,227,237,137,221,142,194,199,197,203,142,207,142,222,193,219,192,202,142,193,200,142,204,207,205,193,192,
236,192,192,196,198,193,200,143,226,236,136,220,143,195,198,196,202,143,206,143,223,192,218,193,203,143,192,201,143,205,206,204,192,193,
227,207,207,203,201,206,199,128,237,227,135,211,128,204,201,203,197,128,193,128,208,207,213,206,196,128,207,198,128,194,193,195,207,206,
226,206,206,202,200,207,198,129,236,226,134,210,129,205,200,202,196,129,192,129,209,206,212,207,197,129,206,199,129,195,192,194,206,207,
225,205,205,201,203,204,197,130,239,225,133,209,130,206,203,201,199,130,195,130,210,205,215,204,198,130,205,196,130,192,195,193,205,204,
224,204,204,200,202,205,196,131,238,224,132,208,131,207,202,200,198,131,194,131,211,204,214,205,199,131,204,197,131,193,194,192,204,205,
231,203,203,207,205,202,195,132,233,231,131,215,132,200,205,207,193,132,197,132,212,203,209,202,192,132,203,194,132,198,197,199,203,202,
230,202,202,206,204,203,194,133,232,230,130,214,133,201,204,206,192,133,196,133,213,202,208,203,193,133,202,195,133,199,196,198,202,203,
229,201,201,205,207,200,193,134,235,229,129,213,134,202,207,205,195,134,199,134,214,201,211,200,194,134,201,192,134,196,199,197,201,200,
228,200,200,204,206,201,192,135,234,228,128,212,135,203,206,204,194,135,198,135,215,200,210,201,195,135,200,193,135,197,198,196,200,201,
